13446204=2×2×3×1120517
27789755=5×7×53×71×211
30730255=5×619×9929
36076657 is prime number.
40882247=7×23×271×937
46977042=2×3×7×29×38569
50252578=2×17×1478017
60270986=2×30135493
62083757=47×1320931
66623056=2×2×2×2×4163941
72742959=3×3×113×71527
75675475=5×5×443×6833
80452816=2×2×2×2×5028301
82788398=2×7×11×537587
93176263 is prime number.
107525065=5×21505013
114656076=2×2×3×3×563×5657
115050055=5×67×343433
117049767=3×39016589
121926029=179×681151
135365539 is prime number.
136105986=2×3×22684331
151459575=3×5×5×2019461
157364403=3×7×19×521×757
161161698=2×3×26860283
168022081 is prime number.
171202963=97×1764979
177913676=2×2×67×663857
182790976=2×2×2×2×2×2×1493×1913
184375894=2×4139×22273
187403987=1013×184999
189805344=2×2×2×2×2×3×1977139
190241396=2×2×47560349
191602798=2×37×2589227
194442909=3×64814303
196404033=3×7×79×118387
205105013=71×443×6521
207288548=2×2×17×631×4831
211833327=3×70611109
212636235=3×5×7×7×439×659
212779805=5×7×7×868489
218733568=2×2×2×2×2×2×2×2×2×2×227×941
220875135=3×5×13×17×66629
222769476=2×2×3×3×809×7649
228238648=2×2×2×11×2593621
228941400=2×2×2×3×5×5×381569
229486609=11×20862419
232799951=19×23×199×2677
236496541=9323×25367
237422623=29×8186987
237478381=7×23×1475021
239461111=967×247633
239947173=3×3×47×179×3169
240012061=23×23×453709
241106021=13×18546617
241595311=37×6529603
244308745=5×19×2571671
246412437=3×82137479
247643928=2×2×2×3×3×7×491357
250716997=23×2621×4159
250848042
251376880
251861590
252161650
252494542
254136289
259653821
262798948
265393107
273535427
274960124
277330908
278797511
279305401
279431886
282088213
285183583
286387796
292913658
296458334
296527800
299929212
304496035
311119373
311513861
319508059
324255697
324948113
325311914
325982967
336673584
338286259
344122680
346041203
349436574
357828760
358622712
359603545
360806023
363780979
363842535
364687030
365376171
365446183
370950867
372083513
373327912
374196560
382020314
384254990
385819259
388024657
388727769
390394183
395492620
395611846
396400782
397047010
397291852
402810115
404677144
405956995
407499413
411007402
412496217
413132791
415144648
417631169
420850627
430366198
430893277
431365516
435228133
435588184
435822636
438141536
438341501
438805942
445553435
447285717
449509944
453938763
455286035
467475486
469076740
489909694
491176737
492294429
498767400
498847725
499490006
500333817
503463348
506317627
513801043
518300476
519055890
521404600
522008587
522120271
525306042
525327161
527975162
531004162
531490220
536926041
537086642
539417260
539574611
540384723
540552680
541161615
544216180
545379891
547099589
549231952
549753198
550340995
551528126
555596245
556921304
557909950
558903899
559236730
559252224
559599611
563543322
565330605
566842090
569406101
571151955
571915615
572468573
572862649
573454052
574937545
575460649
575518303
575961258
577263915
577932889
581173181
581247071
583949450
587270528
589629567
590140508
591008357
593729856
597433423
598836665
600948189
601842034
603437013
607061704
607693284
607767111
610809394
611813287
612475732
612888625
615974200
618467054
621183567
625660577
625976835
628376706
630315632
633159029
633217139
634518967
634521443
635011630
636931753
636992711
637516352
638531318
639597378
639605795
640924114
648901248
648935293
648965703
649489681
649494530
649509646
651396864
651793165
653940330
654474527
655824963
656863965
657783815
660763144
662398201
662486121
662668066
664237389
665461083
667274228
667386272
668023883
669189413
669766612
671316893
672028101
672715852
674170816
676463736
683351855
683617314
684120853
686148796
686328367
688523311
688838137
689730304
695150594
695262574
695682355
698164501
698867481
699221754
700172073
702714957
702978217
704429206
705629501
706082150
709443404
710898451
711439510
712188556
712479847
712857399
715410825
717000760
717947137
722653476
726942428
730050471
734809603
734954417
736956900
738392844
740519745
740724673
743278620
748529490
749135095
753443855
753466759
753734047
754622300
754747512
756952741
758590523
760070442
760728231
761384992
763652840
764993779
770339215
770348643
771038254
772461526
772653618
772718323
773222105
773278989
779120412
780063027
784673094
786924509
787901021
790575052
792741017
795243991
796656516
802748854
804074944
805504790
807046518
808068122
808506493
808645659
808700918
809283604
811306087
812981359
814251131
815642355
815880317
821593168
821652154
822641467
823352384
824257398
824831155
825785613
826603850
830988176
831503412
832360295
836856506
837047400
839218690
839396651
840241531
840724091
840780901
841363350
842873612
843968348
844498207
844526450
845825544
845873893
846758810
847173247
851033749
851219605
854027527
856220385
856874363
858394644
858700923
860218829
860692807
861519667
863039616
864138128
864283049
865837959
865852526
866341509
869325263
870677894
872171649
872296325
872416160
872719560
873301296
873364697
873979196
875802299
875888323
876856340
878245021
878405685
879295159
879323548
881948965
882344290
887282621
887828322
891673518
893189071
895087895
895138488
895398891
895755515
896473129
897703051
897790492
899329563
901209829
903441765
903695689
906866265
907075310
907440959
909267156
915508187
917310140
917663802
918669434
921267060
922129332
925589568
925927940
927615969
929589846
929629319
930331204
932349181
932371887
934540421
938179358
946328081
946745614
947123676
947853647
948223358
948341148
948818459
949534184
950682769
953448466
953714829
955471480
957158979
957980683
959070067
959333071
960439235
964492415
965324286
965819589
977315671
977854957
978233481
978835873
979508005
981246444
982663900
983911094
984087145
986561377
987244073
989593487
991000172
993665787
997279717
998596551
